./HEML ../data/data103x1579.txt 1 7 1 5 1

iter: 7
isEncrypted: 1
approx: 5
gammaUpCnst: 1
gammaDownCnst: -1
sampleDim: 1579
factorDim: 104
fdimBits: 7
learnDim: 1579
ldimBits: 11
xyBits: 37
wBits: 37
lBits: 5
pBits: 18
aBits: 2
logq: 1229
logN: 16
bBits: 4
slots: 32768
cnum: 7
!!! START NLGD !!!
------------------
Start Scheme generating...
Scheme generation time = 35953.1 ms
------------------
------------------
Start Polynomial generating...
Polynomial generation time = 277.142 ms
------------------
------------------
Start Encrypting xyData...
xyData encryption time = 15424.2 ms
------------------
------------------
Start Encrypting wData and vData...
wData and vData encryption time = 151621 ms
------------------
------------------
Start Encrypting NLGD step with degree 5 approx...
NLGD step with degree 5 approx time = 280213 ms
------------------
------------------
Start check
w:-0.0450407,0.161884,0.00351026,0.0304065,-0.00745862,0.00905963,-0.0104166,-0.00411858,-0.021685,-0.00258623,-0.0177805,-0.0272347,-0.0126673,-0.0278832,-0.0118491,-0.0232082,0.00645992,-0.0355504,0.00347212,-0.0131337,-0.0159605,-0.0269965,-0.0197317,-0.042683,-0.0190316,-0.0382953,-0.0305388,0.0108439,0.0204001,-0.0034281,-0.0438892,-0.0202333,-0.0132512,-0.0117495,-0.0183939,-0.0232721,-0.0218298,-0.010578,-0.00178266,-0.0246865,-0.0193343,-0.0167555,-0.0202959,-0.0114937,-0.0289356,-0.00406161,-0.0179113,-0.0382534,-0.0288567,-0.00136872,-0.0204535,-0.0185127,-0.00872172,-0.0201942,-0.0103545,0.00216614,-0.0423371,-0.0269052,-0.0352483,-0.0202056,-0.031979,-0.0459783,-0.0179068,-0.00242881,-0.0223504,-0.0122903,-0.0273167,-0.0281137,-0.00384566,-0.0242475,-0.0325285,-0.029948,-0.00914274,5.91806e-05,-0.0124103,0.00445057,-0.0138708,0.0001632,-0.0202684,-0.00116821,-0.0216601,-0.0186162,-0.0338851,-0.0154034,0.00588648,-0.030191,-0.0270086,-0.0165838,-0.0293417,-0.0319379,0.00961787,-0.0151088,-0.00886548,-0.0259189,-0.0139775,-0.0219581,-0.0361316,-0.0355796,0.00304294,-0.00794571,0.00559971,-0.00207942,-0.0154608,-0.0133375,
Correctness: 747/1579
check time = 12533.5 ms
------------------
------------------
Start Encrypting NLGD step with degree 5 approx...
NLGD step with degree 5 approx time = 257365 ms
------------------
------------------
Start check
w:0.0526602,0.217683,0.0128478,0.0422319,0.0274768,0.0483317,0.024728,0.0329232,0.0119138,0.0332815,0.0147248,0.00737587,0.0232333,0.00297733,0.022704,0.0101287,0.045367,-0.00627754,0.042568,0.0221038,0.0185517,0.00277499,0.0123483,-0.013937,0.0146012,-0.00973519,0.000667183,0.0507209,0.0613448,0.0324628,-0.0165452,0.0127414,0.0225839,0.0217473,0.0137179,0.00876553,0.00990652,0.0253486,0.0359996,0.00806346,0.0127122,0.0165094,0.0111199,0.0232592,0.00214324,0.0312136,0.0142022,-0.00896356,0.00245098,0.0360291,0.0114824,0.0157799,0.0260979,0.0119965,0.0259167,0.0392857,-0.0136765,0.00530364,-0.00658524,0.0138694,-0.00149371,-0.0188697,0.0140931,0.033846,0.00877339,0.0249036,0.00441279,0.00376319,0.0320285,0.00763465,-0.0025105,0.000938722,0.0260584,0.0378592,0.0215738,0.0420697,0.0198269,0.0369454,0.0117614,0.0354141,0.0133952,0.0145397,-0.00375344,0.0184511,0.0454919,0.000629935,0.00235504,0.0169652,0.00101288,-0.000629087,0.0492312,0.0196558,0.026229,0.00465524,0.0207544,0.00980433,-0.00604938,-0.00674999,0.0417494,0.0279744,0.0431301,0.0367407,0.0190437,0.0210953,
Correctness: 832/1579
check time = 12388.8 ms
------------------
------------------
Start Encrypting NLGD step with degree 5 approx...
NLGD step with degree 5 approx time = 234993 ms
------------------
------------------
Start check
w:0.00682951,0.243454,0.0104481,0.046891,0.0133324,0.0370422,0.0098964,0.0189664,-0.00541685,0.0201125,-0.00146795,-0.0118177,0.00744749,-0.0148997,0.00761485,-0.00743601,0.0334958,-0.0259287,0.0299814,0.00627003,0.00234547,-0.014763,-0.00397543,-0.0351633,-0.00219784,-0.029701,-0.0181148,0.0399388,0.0526347,0.0191579,-0.0376201,-0.00416765,0.00682398,0.00691282,-0.00256128,-0.00872458,-0.00663479,0.0101457,0.0225292,-0.00979881,-0.0033343,0.000326073,-0.00531692,0.00801302,-0.0164459,0.01775,-0.00173329,-0.0291706,-0.0160151,0.022753,-0.00493162,-0.000934003,0.0114836,-0.00462362,0.0105036,0.0270867,-0.0346744,-0.0129118,-0.0257298,-0.00319408,-0.0205692,-0.040581,-0.00186055,0.0208955,-0.00784526,0.00880943,-0.0137564,-0.0144827,0.0184207,-0.00967738,-0.021647,-0.0179534,0.0112399,0.0247886,0.00639689,0.0302601,0.00444232,0.0241534,-0.00450662,0.0220772,-0.00445615,-0.00162386,-0.0233603,0.00292534,0.0333944,-0.0179979,-0.0148347,0.000987421,-0.0171362,-0.0199218,0.0379732,0.00366891,0.0115811,-0.0128144,0.00510815,-0.00727913,-0.0263656,-0.0260792,0.0292193,0.0132778,0.0316579,0.0224119,0.00273247,0.00583113,
Correctness: 995/1579
check time = 12217.5 ms
------------------
------------------
Start Encrypting NLGD step with degree 5 approx...
NLGD step with degree 5 approx time = 215243 ms
------------------
------------------
Start check
w:0.00678296,0.273133,0.0115362,0.0527864,0.0145658,0.0410237,0.0108319,0.0208655,-0.00630719,0.022144,-0.00206215,-0.0134996,0.00802087,-0.0167885,0.00823141,-0.00851048,0.0370529,-0.0292966,0.0332084,0.00661052,0.00231553,-0.0168031,-0.00470686,-0.0395241,-0.00281073,-0.0333941,-0.0204362,0.0444125,0.0585378,0.02114,-0.0422628,-0.00502069,0.00743098,0.00736554,-0.00332417,-0.0101745,-0.00753291,0.0110681,0.0249224,-0.0112187,-0.0038842,-6.07924e-05,-0.00632999,0.00855028,-0.0187491,0.0194305,-0.00225034,-0.0328094,-0.0181526,0.0251481,-0.00574211,-0.0012869,0.0123826,-0.00552686,0.0113646,0.0300251,-0.0389053,-0.0146619,-0.0289245,-0.00379576,-0.0232773,-0.0456843,-0.00243116,0.0232217,-0.00897153,0.00956404,-0.0156073,-0.0162996,0.0201803,-0.0109861,-0.0245341,-0.0204979,0.0121254,0.027394,0.00678372,0.0335363,0.00466228,0.0266237,-0.00517815,0.0241375,-0.00525733,-0.00193319,-0.0264969,0.0031715,0.0370313,-0.0203492,-0.0167388,0.000838595,-0.0193207,-0.0225247,0.0420555,0.00384713,0.0125557,-0.0145905,0.00547872,-0.00858228,-0.0299334,-0.0293416,0.0323803,0.0144476,0.0351035,0.0245062,0.002593,0.00635709,
Correctness: 996/1579
check time = 11998.3 ms
------------------
------------------
Start Encrypting NLGD step with degree 5 approx...
NLGD step with degree 5 approx time = 193303 ms
------------------
------------------
Start check
w:0.00858355,0.301088,0.0126784,0.0583852,0.0163257,0.0453287,0.0123493,0.0232658,-0.0064611,0.0246388,-0.00200766,-0.0143566,0.00921561,-0.0178746,0.00944103,-0.00882903,0.040963,-0.0317735,0.0368496,0.00756616,0.00293864,-0.0180777,-0.00475603,-0.0428875,-0.00273429,-0.0361605,-0.0219133,0.0492023,0.0646175,0.0236025,-0.0459091,-0.00517948,0.00867244,0.00838989,-0.00343852,-0.0108969,-0.0077162,0.0125807,0.0277936,-0.0118658,-0.00374938,0.000195398,-0.00666354,0.00966741,-0.020249,0.0215873,-0.00211713,-0.0355143,-0.0194734,0.0280116,-0.00585596,-0.000948224,0.0138213,-0.00574069,0.0128118,0.0333756,-0.0421382,-0.0156151,-0.0312366,-0.00367846,-0.0251368,-0.0497661,-0.00234962,0.0260245,-0.0093816,0.0109511,-0.0166605,-0.0173034,0.0224235,-0.0115413,-0.0265709,-0.0222293,0.0135609,0.0304465,0.00776266,0.0371922,0.00549122,0.0295262,-0.00515469,0.0266381,-0.00530778,-0.00155744,-0.0287625,0.00406499,0.0410487,-0.0218743,-0.0178768,0.00134243,-0.0206953,-0.0242691,0.0464612,0.00467091,0.0140786,-0.0156073,0.00647655,-0.00917806,-0.0326063,-0.0317171,0.0359623,0.0161558,0.0389133,0.0270846,0.00308919,0.00750411,
Correctness: 991/1579
check time = 11783.6 ms
------------------
------------------
Start Encrypting NLGD step with degree 5 approx...
NLGD step with degree 5 approx time = 178229 ms
------------------
------------------
Start check
w:0.00994577,0.327575,0.0137196,0.0637106,0.0178663,0.0492602,0.013673,0.025406,-0.00671819,0.0268711,-0.00208958,-0.0152882,0.0102228,-0.0189993,0.0104681,-0.00923432,0.0445253,-0.0342331,0.0401631,0.0083354,0.00340762,-0.0193958,-0.00490839,-0.0461732,-0.0027859,-0.0388698,-0.0234132,0.0536118,0.0702389,0.0258142,-0.0494535,-0.00545518,0.00973923,0.00923199,-0.00368212,-0.0117129,-0.00798493,0.0138891,0.0303877,-0.0125944,-0.00371988,0.00030217,-0.0071056,0.0105895,-0.0217895,0.023488,-0.00211014,-0.0381731,-0.0208314,0.0306016,-0.00607321,-0.00074198,0.0150424,-0.00606641,0.0140431,0.0364274,-0.0452884,-0.0166237,-0.0335189,-0.00367867,-0.027006,-0.0537379,-0.00239378,0.0285749,-0.0098716,0.0121383,-0.0177605,-0.0183454,0.0244068,-0.0121664,-0.028617,-0.0239978,0.0147794,0.0332089,0.00856489,0.0405306,0.00615457,0.0321348,-0.0052261,0.0288477,-0.00547806,-0.00129283,-0.0310343,0.00481836,0.0447178,-0.0234232,-0.0190492,0.00170928,-0.0220914,-0.0260291,0.0504891,0.0053351,0.0153887,-0.016677,0.00730628,-0.00987678,-0.0352724,-0.034057,0.0392236,0.0176358,0.0423935,0.0293616,0.00341417,0.00848522,
Correctness: 989/1579
check time = 11645.5 ms
------------------
------------------
Start Encrypting NLGD step with degree 5 approx...
NLGD step with degree 5 approx time = 159661 ms
------------------
------------------
Start check
w:0.0107272,0.352916,0.0146589,0.0688274,0.0191541,0.0528229,0.0147631,0.0272607,-0.00714616,0.0288216,-0.00236238,-0.016374,0.0109999,-0.0202279,0.0112689,-0.00979335,0.0477347,-0.0367622,0.0431436,0.00887281,0.00367159,-0.0208308,-0.00523306,-0.049482,-0.00302725,-0.041622,-0.0250111,0.0576477,0.0754279,0.0277486,-0.0530061,-0.00590346,0.0105835,0.009853,-0.00411342,-0.0126898,-0.00839451,0.01496,0.0326844,-0.0134672,-0.00384882,0.000208631,-0.00771526,0.011276,-0.0234483,0.0251132,-0.00227702,-0.0408802,-0.0222996,0.0328945,-0.00644643,-0.000722295,0.0160062,-0.00656251,0.0150267,0.0391686,-0.0484583,-0.0177615,-0.0358553,-0.00385406,-0.0289702,-0.0577118,-0.00261952,0.0308502,-0.0104992,0.0130811,-0.0189879,-0.0194999,0.0261061,-0.0129247,-0.0307493,-0.0258845,0.0157423,0.0356583,0.00914489,0.0435376,0.00661035,0.0344394,-0.00545271,0.0307479,-0.00582584,-0.00119892,-0.0333907,0.00538181,0.0480344,-0.0250734,-0.0203203,0.0018809,-0.023587,-0.027887,0.0541382,0.00579401,0.0164495,-0.0178654,0.00792417,-0.0107431,-0.0380196,-0.0364544,0.0421547,0.0188542,0.0455399,0.0313167,0.00351883,0.00926095,
Correctness: 987/1579
check time = 11479.1 ms
------------------
!!! END NLGD !!!
