./HEML ../data/data103x1579.txt 1 7 1 7 1

iter: 7
isEncrypted: 1
approx: 7
gammaUpCnst: 1
gammaDownCnst: -1
sampleDim: 1579
factorDim: 104
fdimBits: 7
learnDim: 1579
ldimBits: 11
xyBits: 37
wBits: 37
lBits: 5
pBits: 18
aBits: 2
logq: 1229
logN: 16
bBits: 4
slots: 32768
cnum: 7
!!! START NLGD !!!
------------------
Start Scheme generating...
Scheme generation time = 36142 ms
------------------
------------------
Start Polynomial generating...
Polynomial generation time = 277.162 ms
------------------
------------------
Start Encrypting xyData...
xyData encryption time = 15420.9 ms
------------------
------------------
Start Encrypting wData and vData...
wData and vData encryption time = 150911 ms
------------------
------------------
Start Encrypting NLGD step with degree 7 approx...
NLGD step with degree 7 approx time = 324771 ms
------------------
------------------
Start check
w:-0.0451111,0.161878,0.00350081,0.0304054,-0.00748421,0.00903516,-0.0104383,-0.00413983,-0.0217046,-0.0026073,-0.017812,-0.0272602,-0.0126907,-0.0279119,-0.0118815,-0.0232321,0.00643468,-0.0355794,0.00344729,-0.013169,-0.0159817,-0.0270363,-0.0197572,-0.0427001,-0.0190552,-0.0383279,-0.0305754,0.0108238,0.0203661,-0.00344912,-0.043912,-0.0202659,-0.013282,-0.0117735,-0.0184161,-0.0232963,-0.0218514,-0.0106105,-0.00180781,-0.0247109,-0.0193603,-0.0167833,-0.0203106,-0.0115171,-0.0289589,-0.00408077,-0.0179284,-0.0382846,-0.0288886,-0.00139713,-0.0204708,-0.0185344,-0.00874784,-0.0202113,-0.0103917,0.00213449,-0.0423685,-0.0269275,-0.035275,-0.0202225,-0.0320099,-0.0460088,-0.0179236,-0.00245282,-0.0223744,-0.0123055,-0.0273388,-0.0281357,-0.00387546,-0.024266,-0.0325653,-0.0299691,-0.00916875,3.81846e-05,-0.0124292,0.00442682,-0.0139037,0.000135346,-0.0202992,-0.00119331,-0.0216983,-0.0186418,-0.0339048,-0.015436,0.0058591,-0.030216,-0.0270405,-0.0165967,-0.0293632,-0.0319715,0.00960333,-0.0151439,-0.00887947,-0.0259399,-0.0139972,-0.0219938,-0.0361654,-0.0356098,0.00300993,-0.00796104,0.00556134,-0.00210551,-0.0154816,-0.0133612,
Correctness: 747/1579
check time = 12370.9 ms
------------------
------------------
Start Encrypting NLGD step with degree 7 approx...
NLGD step with degree 7 approx time = 296486 ms
------------------
------------------
Start check
w:0.0527485,0.217707,0.012855,0.0422391,0.0275121,0.0483641,0.0247676,0.0329575,0.0119543,0.0333179,0.0147415,0.00741047,0.0232711,0.00300101,0.022737,0.0101653,0.0453973,-0.00625097,0.0426067,0.0221288,0.0185894,0.00279556,0.0123792,-0.0138853,0.0146376,-0.00971966,0.000695257,0.0507551,0.0613641,0.0324919,-0.0165032,0.0127605,0.0226134,0.0217791,0.0137486,0.00879803,0.00994739,0.0253876,0.0360343,0.00808833,0.0127346,0.0165367,0.0111646,0.0232983,0.00217795,0.0312444,0.0142453,-0.00894642,0.00247095,0.036054,0.011528,0.0158028,0.0261249,0.0120263,0.0259382,0.0393152,-0.0136531,0.0053447,-0.00655608,0.0139002,-0.00146725,-0.0188381,0.0141267,0.0338726,0.00880617,0.0249421,0.00445795,0.00379166,0.0320604,0.00768179,-0.00249481,0.0009795,0.0260878,0.0379048,0.0216149,0.0421016,0.0198547,0.0369793,0.0117912,0.0354367,0.0134226,0.0145644,-0.00372363,0.0184771,0.0455216,0.000649159,0.00236868,0.0170046,0.00105438,-0.000593931,0.0492764,0.0196766,0.0262648,0.00469102,0.0207818,0.00982826,-0.00602067,-0.00671595,0.0417821,0.0280113,0.0431451,0.0367659,0.0190881,0.0211341,
Correctness: 832/1579
check time = 12279.7 ms
------------------
------------------
Start Encrypting NLGD step with degree 7 approx...
NLGD step with degree 7 approx time = 270462 ms
------------------
------------------
Start check
w:0.00679953,0.243474,0.0104431,0.0468961,0.0133323,0.0370439,0.00989856,0.0189534,-0.00541372,0.0201106,-0.00148971,-0.0118236,0.00743588,-0.0149081,0.00762217,-0.00743708,0.03348,-0.0259562,0.0299826,0.00626561,0.00233523,-0.0147751,-0.00398225,-0.0351466,-0.00220709,-0.0297186,-0.0181287,0.0399366,0.0526129,0.0191544,-0.03761,-0.00418592,0.00681563,0.00691027,-0.00256025,-0.00873304,-0.00663874,0.0101502,0.0225282,-0.00980571,-0.00334953,0.000317194,-0.00529755,0.00801674,-0.0164473,0.0177481,-0.0017239,-0.0291873,-0.0160318,0.0227439,-0.00491108,-0.000941151,0.0114715,-0.00464076,0.0104902,0.0270749,-0.034689,-0.0129141,-0.0257501,-0.0032108,-0.0205833,-0.0405934,-0.001866,0.0208821,-0.00784679,0.00880445,-0.0137522,-0.0144855,0.0184133,-0.00967022,-0.021677,-0.0179505,0.0112322,0.0248026,0.00640673,0.0302439,0.00442149,0.0241432,-0.00450395,0.0220473,-0.00446653,-0.00164026,-0.0233762,0.00291889,0.0333954,-0.0180192,-0.0148588,0.000978676,-0.0171304,-0.0199227,0.0379792,0.00364732,0.0115848,-0.0128245,0.00509126,-0.00728728,-0.0263849,-0.0260901,0.029218,0.0132852,0.0316448,0.0224164,0.00273607,0.00583494,
Correctness: 996/1579
check time = 12111.6 ms
------------------
------------------
Start Encrypting NLGD step with degree 7 approx...
NLGD step with degree 7 approx time = 244564 ms
------------------
------------------
Start check
w:0.00674475,0.27315,0.0115353,0.0527891,0.0145599,0.0410136,0.010843,0.0208471,-0.00630786,0.0221438,-0.00208909,-0.0134961,0.00801156,-0.0167917,0.00824218,-0.00851301,0.0370359,-0.029323,0.0332149,0.00660645,0.00232045,-0.0168116,-0.00472091,-0.0395028,-0.00280893,-0.0334223,-0.0204591,0.0444208,0.0585235,0.021133,-0.0422533,-0.00503203,0.00742929,0.00735943,-0.00332113,-0.0101866,-0.00754119,0.0110667,0.0249231,-0.0112241,-0.00389608,-8.06919e-05,-0.00631266,0.00855443,-0.0187622,0.0194296,-0.00223825,-0.0328144,-0.0181618,0.0251463,-0.00571641,-0.00129328,0.0123879,-0.00554449,0.0113553,0.0300117,-0.0389184,-0.0146656,-0.0289424,-0.00382086,-0.0232838,-0.0456939,-0.00243623,0.023201,-0.00897668,0.00955789,-0.0155946,-0.016298,0.0201881,-0.0109727,-0.0245593,-0.0204964,0.0121171,0.0274046,0.00679182,0.0335193,0.00462858,0.026617,-0.00516281,0.024097,-0.00525805,-0.00194605,-0.0265145,0.00317814,0.0370326,-0.0203749,-0.0167772,0.000827827,-0.019318,-0.0225276,0.0420571,0.00381798,0.0125648,-0.0145998,0.00546105,-0.00858128,-0.0299609,-0.0293622,0.0323806,0.0144536,0.0350935,0.024518,0.00260556,0.0063603,
Correctness: 997/1579
check time = 11887.5 ms
------------------
------------------
Start Encrypting NLGD step with degree 7 approx...
NLGD step with degree 7 approx time = 219519 ms
------------------
------------------
Start check
w:0.0085545,0.301107,0.0126788,0.0583733,0.0163253,0.0453159,0.012368,0.0232475,-0.00646676,0.0246443,-0.00203584,-0.0143469,0.00921889,-0.0178839,0.00945801,-0.00882056,0.0409511,-0.0317949,0.0368622,0.0075654,0.00295394,-0.0180852,-0.00477619,-0.042863,-0.00272322,-0.0361908,-0.0219218,0.0492059,0.0646011,0.0235868,-0.0458853,-0.00518162,0.00867463,0.00838612,-0.00342746,-0.0109008,-0.00772279,0.0125798,0.0277936,-0.0118678,-0.00375346,0.000178828,-0.00665805,0.00967523,-0.0202687,0.0215758,-0.00209573,-0.0355101,-0.019477,0.0280137,-0.0058207,-0.000952667,0.013829,-0.00575224,0.0128026,0.0333649,-0.0421428,-0.0156127,-0.0312533,-0.00371235,-0.0251306,-0.0497756,-0.00234737,0.0260006,-0.0093772,0.0109393,-0.0166501,-0.0173037,0.0224303,-0.0115208,-0.0265709,-0.0222272,0.0135576,0.0304608,0.00776571,0.037174,0.00545524,0.029526,-0.0051246,0.0265867,-0.00530614,-0.00157168,-0.028783,0.00408235,0.0410541,-0.0218988,-0.0179194,0.00132097,-0.0206953,-0.024264,0.0464549,0.00463353,0.0140845,-0.0156105,0.00646163,-0.00917329,-0.0326254,-0.0317315,0.035961,0.0161745,0.0389043,0.027096,0.00310568,0.00751723,
Correctness: 991/1579
check time = 11688.2 ms
------------------
------------------
Start Encrypting NLGD step with degree 7 approx...
NLGD step with degree 7 approx time = 198320 ms
------------------
------------------
Start check
w:0.00991416,0.327605,0.0137127,0.0636966,0.017869,0.0492473,0.0137001,0.0253797,-0.00672813,0.0268863,-0.00211379,-0.0152677,0.0102234,-0.0190015,0.0104784,-0.00922094,0.0445265,-0.034256,0.0401819,0.00833421,0.00343125,-0.0194126,-0.00494003,-0.0461407,-0.00276861,-0.038898,-0.0234102,0.0536122,0.0702316,0.0257854,-0.0494268,-0.00545224,0.00974704,0.00922329,-0.0036501,-0.0117152,-0.0079841,0.0139115,0.0303746,-0.0125997,-0.00372163,0.000286832,-0.00710516,0.0106079,-0.0218144,0.023478,-0.00207593,-0.0381524,-0.0208331,0.0306018,-0.00604116,-0.000748522,0.0150476,-0.00607922,0.0140358,0.0364209,-0.0452985,-0.0166222,-0.0335295,-0.0037128,-0.027001,-0.053749,-0.00237131,0.0285467,-0.00986546,0.0121186,-0.0177464,-0.0183396,0.0244164,-0.0121455,-0.0286119,-0.0239936,0.0147721,0.0332218,0.00855184,0.040518,0.00613127,0.0321406,-0.00519197,0.0288004,-0.00546857,-0.00130415,-0.0310477,0.00484249,0.0447289,-0.0234421,-0.0190892,0.00166625,-0.0220828,-0.0260178,0.0504667,0.00529433,0.0154062,-0.0166939,0.00730817,-0.00987235,-0.0352838,-0.0340735,0.0392159,0.0176668,0.0423887,0.0293814,0.00344471,0.00850418,
Correctness: 989/1579
check time = 11530.4 ms
------------------
------------------
Start Encrypting NLGD step with degree 7 approx...
NLGD step with degree 7 approx time = 178137 ms
------------------
------------------
Start check
w:0.0106878,0.352935,0.014648,0.0688077,0.0191583,0.0528083,0.0147973,0.027225,-0.00715997,0.0288528,-0.002393,-0.0163586,0.0109946,-0.0202309,0.0112897,-0.00977594,0.0477341,-0.036782,0.0431731,0.00887299,0.00370256,-0.020841,-0.00526598,-0.049449,-0.00299782,-0.0416498,-0.0250105,0.0576415,0.0754143,0.0277095,-0.0529783,-0.00588935,0.0105907,0.00984374,-0.00408484,-0.0126968,-0.00839049,0.0149952,0.032657,-0.0134698,-0.00384901,0.000195261,-0.00770746,0.0112978,-0.0234695,0.0251005,-0.00222414,-0.0408572,-0.0223051,0.0328948,-0.00641249,-0.000732201,0.0160152,-0.00655996,0.0150193,0.0391621,-0.0484696,-0.0177573,-0.035864,-0.00388876,-0.028962,-0.057732,-0.00258544,0.0308201,-0.0104966,0.0130558,-0.0189747,-0.0194756,0.0261098,-0.0129013,-0.03074,-0.0258823,0.0157373,0.0356599,0.00912685,0.0435285,0.00660087,0.0344457,-0.00541726,0.0307016,-0.00580675,-0.0012034,-0.0333999,0.00540841,0.0480514,-0.0250928,-0.0203593,0.00184301,-0.0235747,-0.0278788,0.0541094,0.00575082,0.0164709,-0.0178847,0.00794009,-0.0107418,-0.0380335,-0.0364746,0.0421469,0.0188887,0.0455328,0.0313421,0.00355939,0.00927319,
Correctness: 987/1579
check time = 11364.1 ms
------------------
!!! END NLGD !!!