./HEML ../data/data103x1579.txt 1 14 1 5 1

iter: 14
isEncrypted: 1
approx: 5
gammaUpCnst: 1
gammaDownCnst: -1
sampleDim: 1579
factorDim: 104
fdimBits: 7
learnDim: 1579
ldimBits: 11
xyBits: 37
wBits: 37
lBits: 5
pBits: 18
aBits: 2
logq: 2405
logN: 17
bBits: 5
slots: 65536
cnum: 4
!!! START NLGD !!!
------------------
Start Scheme generating...
Scheme generation time = 137897 ms
------------------
------------------
Start Polynomial generating...
Polynomial generation time = 591.204 ms
------------------
------------------
Start Encrypting xyData...
xyData encryption time = 23238.6 ms
------------------
------------------
Start Encrypting wData and vData...
wData and vData encryption time = 451464 ms
------------------
------------------
Start Encrypting NLGD step with degree 5 approx...
NLGD step with degree 5 approx time = 961573 ms
------------------
------------------
Start check
w:-0.0450317,0.16189,0.00351211,0.0304036,-0.00745947,0.00906118,-0.0104163,-0.00411399,-0.0216844,-0.00258646,-0.0177807,-0.0272361,-0.0126717,-0.0278758,-0.0118514,-0.0232087,0.00646008,-0.0355495,0.00347046,-0.0131349,-0.0159581,-0.0269999,-0.0197313,-0.0426864,-0.019031,-0.0382998,-0.030543,0.0108414,0.0203957,-0.00342928,-0.0438906,-0.020233,-0.0132453,-0.0117452,-0.0183954,-0.0232695,-0.0218296,-0.0105803,-0.00178285,-0.0246834,-0.019331,-0.0167569,-0.0202921,-0.0114964,-0.0289365,-0.00406434,-0.0179103,-0.0382582,-0.0288514,-0.00137089,-0.0204517,-0.018513,-0.00871211,-0.0201934,-0.0103601,0.00217396,-0.0423404,-0.0269069,-0.0352479,-0.0202031,-0.0319817,-0.0459789,-0.0179049,-0.00242612,-0.0223489,-0.0122885,-0.0273176,-0.0281111,-0.00384495,-0.0242422,-0.0325281,-0.0299502,-0.00914291,5.94108e-05,-0.0124095,0.00445285,-0.013872,0.000166035,-0.0202669,-0.00116529,-0.0216636,-0.0186143,-0.033883,-0.0154021,0.00588938,-0.0301888,-0.027008,-0.0165803,-0.0293493,-0.0319282,0.00961353,-0.0151071,-0.00886118,-0.0259172,-0.0139754,-0.021956,-0.0361247,-0.0355812,0.0030428,-0.00794579,0.00559906,-0.00207491,-0.0154597,-0.0133319,
Correctness: 747/1579
check time = 17257.3 ms
------------------
------------------
Start Encrypting NLGD step with degree 5 approx...
NLGD step with degree 5 approx time = 924839 ms
------------------
------------------
Start check
w:0.0526779,0.217689,0.0128501,0.0422281,0.0274668,0.0483374,0.0247319,0.0329268,0.011914,0.0332875,0.0147245,0.00737581,0.0232277,0.00298122,0.0227062,0.0101302,0.0453664,-0.00627926,0.0425686,0.0220992,0.0185563,0.00277159,0.0123512,-0.0139333,0.014601,-0.00973907,0.000662997,0.0507184,0.0613422,0.0324619,-0.0165481,0.0127379,0.0225951,0.02176,0.0137173,0.00876136,0.00990388,0.0253466,0.0359964,0.00806424,0.0127146,0.0165045,0.0111277,0.0232487,0.00214163,0.0312122,0.0142049,-0.00896712,0.0024578,0.0360245,0.0114817,0.0157777,0.0261073,0.0120003,0.0259144,0.0392952,-0.0136787,0.00529668,-0.00658441,0.013874,-0.00149792,-0.018864,0.014097,0.0338471,0.00878074,0.0249147,0.00441789,0.00376688,0.0320303,0.00764222,-0.00251217,0.00094079,0.0260607,0.0378604,0.021573,0.0420692,0.0198259,0.036947,0.0117647,0.0354198,0.0133934,0.0145427,-0.00375447,0.0184502,0.0454941,0.000634373,0.00234802,0.0169674,0.0010094,-0.000622066,0.0492304,0.0196584,0.0262315,0.00466179,0.0207611,0.00980148,-0.00603581,-0.00674556,0.0417554,0.0279718,0.0431344,0.0367426,0.0190486,0.0211036,
Correctness: 832/1579
check time = 17047.5 ms
------------------
------------------
Start Encrypting NLGD step with degree 5 approx...
NLGD step with degree 5 approx time = 892974 ms
------------------
------------------
Start check
w:0.00684961,0.243472,0.0104513,0.0468893,0.0133255,0.0370504,0.00990538,0.0189696,-0.00541409,0.0201183,-0.00146929,-0.0118234,0.00744231,-0.0148988,0.00762137,-0.00743577,0.0334965,-0.0259311,0.0299834,0.00626442,0.00235003,-0.014765,-0.0039724,-0.0351644,-0.00219856,-0.0296975,-0.0181186,0.0399351,0.0526353,0.0191581,-0.0376219,-0.00417358,0.00684246,0.00692757,-0.00255829,-0.00872776,-0.00664107,0.0101489,0.0225274,-0.00979984,-0.00333316,0.000325089,-0.00531088,0.00799695,-0.0164451,0.0177445,-0.00172772,-0.0291747,-0.0160107,0.0227507,-0.00493335,-0.000933986,0.0114971,-0.00461581,0.0105026,0.0270963,-0.0346757,-0.0129158,-0.0257268,-0.00318545,-0.0205712,-0.0405786,-0.0018559,0.0208991,-0.00782985,0.00882041,-0.0137514,-0.0144791,0.018423,-0.00966935,-0.0216451,-0.0179501,0.0112356,0.0247951,0.00639415,0.0302566,0.00444323,0.0241526,-0.0045064,0.0220811,-0.00445962,-0.00162196,-0.0233623,0.00292872,0.0333927,-0.0179952,-0.0148379,0.000988894,-0.0171392,-0.0199214,0.0379765,0.00367036,0.0115824,-0.0128121,0.00511882,-0.00728033,-0.0263471,-0.0260736,0.0292231,0.0132779,0.0316604,0.0224178,0.00274034,0.00584012,
Correctness: 995/1579
check time = 16773.3 ms
------------------
------------------
Start Encrypting NLGD step with degree 5 approx...
NLGD step with degree 5 approx time = 857303 ms
------------------
------------------
Start check
w:0.00680793,0.273156,0.0115372,0.05278,0.0145602,0.0410316,0.010847,0.0208678,-0.00630031,0.0221521,-0.00206711,-0.0135031,0.00801554,-0.0167877,0.00824158,-0.00850865,0.0370543,-0.0292962,0.033214,0.00661096,0.00231528,-0.0168039,-0.00470262,-0.0395264,-0.00281042,-0.0333882,-0.0204392,0.0444071,0.0585351,0.0211373,-0.042263,-0.00502827,0.00745589,0.00738757,-0.00332046,-0.010176,-0.00754493,0.0110721,0.0249193,-0.0112169,-0.00388391,-6.2175e-05,-0.00631808,0.00852974,-0.0187486,0.0194278,-0.00224724,-0.0328169,-0.0181421,0.0251482,-0.00574916,-0.00129174,0.0123991,-0.00551271,0.0113666,0.0300335,-0.0389081,-0.01467,-0.0289202,-0.00378368,-0.023279,-0.0456837,-0.00242225,0.0232242,-0.00894603,0.00957723,-0.0156025,-0.0162956,0.0201865,-0.0109743,-0.0245305,-0.020495,0.0121225,0.0273988,0.00678848,0.0335356,0.00465952,0.0266249,-0.00517602,0.0241438,-0.00526261,-0.00193182,-0.0265006,0.00317874,0.0370298,-0.0203485,-0.0167447,0.0008394,-0.0193292,-0.022522,0.0420621,0.00384735,0.0125554,-0.0145907,0.00548689,-0.00858235,-0.0299134,-0.0293297,0.0323896,0.0144463,0.035109,0.0245159,0.00259958,0.00636752,
Correctness: 996/1579
check time = 16322.4 ms
------------------
------------------
Start Encrypting NLGD step with degree 5 approx...
NLGD step with degree 5 approx time = 816105 ms
------------------
------------------
Start check
w:0.00861713,0.301116,0.0126804,0.0583719,0.0163241,0.0453392,0.0123646,0.0232654,-0.00645281,0.0246501,-0.00201139,-0.0143604,0.00920952,-0.017879,0.0094524,-0.00882608,0.0409636,-0.0317756,0.0368586,0.00756527,0.00293608,-0.0180779,-0.00474845,-0.0428992,-0.0027348,-0.0361513,-0.0219132,0.0491977,0.0646225,0.0235984,-0.04591,-0.00518487,0.00870786,0.00841962,-0.00343196,-0.0108948,-0.00773089,0.0125834,0.0277896,-0.0118654,-0.00375291,0.000192652,-0.00665105,0.00964816,-0.0202461,0.0215856,-0.00211204,-0.0355233,-0.0194621,0.0280144,-0.00586256,-0.000954682,0.0138446,-0.00573042,0.0128141,0.0333806,-0.0421551,-0.0156261,-0.0312337,-0.00366844,-0.0251404,-0.0497684,-0.00234488,0.0260236,-0.00935247,0.0109661,-0.0166633,-0.0173006,0.0224299,-0.0115274,-0.0265662,-0.0222246,0.0135616,0.0304501,0.00776996,0.0371911,0.00548914,0.0295233,-0.0051502,0.0266451,-0.00531583,-0.00155078,-0.0287643,0.00407429,0.0410468,-0.0218731,-0.0178858,0.00134518,-0.0207033,-0.0242653,0.0464703,0.00467017,0.0140715,-0.0156116,0.00648453,-0.00917679,-0.0325794,-0.0316983,0.0359671,0.0161542,0.0389161,0.0270941,0.0030938,0.00751311,
Correctness: 991/1579
check time = 16083.6 ms
------------------
------------------
Start Encrypting NLGD step with degree 5 approx...
NLGD step with degree 5 approx time = 778030 ms
------------------
------------------
Start check
w:0.00998624,0.327609,0.0137232,0.0636998,0.0178649,0.0492726,0.0136891,0.0254006,-0.00671048,0.0268836,-0.00210065,-0.0152971,0.0102155,-0.019004,0.0104795,-0.00922982,0.044525,-0.0342299,0.0401713,0.00833516,0.00340674,-0.0193972,-0.00490866,-0.0461883,-0.00279378,-0.0388668,-0.0234072,0.0536079,0.0702462,0.0258064,-0.0494549,-0.00545984,0.00978173,0.00926883,-0.00367531,-0.011708,-0.00799615,0.0138923,0.030386,-0.0125871,-0.0037193,0.00029649,-0.00708939,0.0105755,-0.0217878,0.0234904,-0.00209815,-0.0381795,-0.0208134,0.0306012,-0.00607954,-0.000748759,0.0150632,-0.00605501,0.0140502,0.0364336,-0.0453092,-0.0166322,-0.0335158,-0.00366414,-0.0270095,-0.0537399,-0.00239305,0.0285728,-0.00983772,0.0121553,-0.0177677,-0.018341,0.0244149,-0.0121515,-0.028609,-0.0239959,0.0147755,0.0332084,0.0085698,0.0405243,0.00615163,0.0321339,-0.00521603,0.0288583,-0.00548574,-0.00128589,-0.0310343,0.00482978,0.0447137,-0.0234221,-0.0190587,0.0017115,-0.0220981,-0.0260218,0.0504985,0.00533612,0.0153744,-0.0166803,0.00731733,-0.00987925,-0.035241,-0.0340355,0.0392297,0.0176383,0.0423922,0.0293721,0.00341915,0.00849795,
Correctness: 989/1579
check time = 15761.4 ms
------------------
------------------
Start Encrypting NLGD step with degree 5 approx...
NLGD step with degree 5 approx time = 732806 ms
------------------
------------------
Start check
w:0.0107818,0.352956,0.0146629,0.0688136,0.0191534,0.0528337,0.0147852,0.0272534,-0.00713569,0.0288321,-0.00237133,-0.0163863,0.0109957,-0.0202345,0.011284,-0.00978056,0.0477291,-0.0367546,0.0431495,0.0088759,0.00367071,-0.0208281,-0.00522985,-0.0495027,-0.00303299,-0.0416238,-0.025004,0.0576481,0.0754389,0.027739,-0.0530046,-0.00590763,0.0106368,0.00989744,-0.00410367,-0.012676,-0.00840622,0.0149678,0.0326876,-0.0134555,-0.00384914,0.000204024,-0.00768842,0.0112591,-0.0234501,0.0251139,-0.00226452,-0.0408815,-0.0222819,0.03289,-0.0064518,-0.000728517,0.0160275,-0.00654982,0.0150342,0.0391744,-0.0484827,-0.017769,-0.0358519,-0.00383502,-0.0289702,-0.0577131,-0.00261777,0.0308448,-0.0104592,0.0131026,-0.0189921,-0.0194991,0.0261202,-0.0129067,-0.0307377,-0.0258823,0.0157395,0.0356568,0.00914754,0.0435261,0.00660411,0.0344396,-0.0054356,0.0307608,-0.00583252,-0.00119078,-0.0333887,0.00538894,0.04803,-0.0250732,-0.0203339,0.0018862,-0.0235909,-0.0278774,0.0541508,0.00579547,0.0164288,-0.0178696,0.00793961,-0.0107438,-0.0379839,-0.0364302,0.0421641,0.0188626,0.0455429,0.0313321,0.00352334,0.00927464,
Correctness: 987/1579
check time = 15556 ms
------------------
------------------
Start Encrypting NLGD step with degree 5 approx...
NLGD step with degree 5 approx time = 700423 ms
------------------
------------------
Start check
w:0.0111547,0.377392,0.015528,0.0737662,0.0202578,0.056113,0.0157073,0.0288957,-0.0076755,0.0305709,-0.00278516,-0.0175748,0.0116009,-0.0215358,0.0119222,-0.0104414,0.0506691,-0.0393175,0.0458737,0.00924335,0.00378789,-0.0223364,-0.00566799,-0.0528134,-0.00340987,-0.0443965,-0.0266633,0.0614029,0.0802953,0.0294664,-0.0565436,-0.00648068,0.0113272,0.0103593,-0.00466855,-0.0137591,-0.00891596,0.0158632,0.0347625,-0.0144265,-0.00409237,-3.26261e-05,-0.00840473,0.0117725,-0.0251929,0.0265325,-0.00255818,-0.0436046,-0.0238257,0.0349569,-0.0069384,-0.000841957,0.0168017,-0.00716451,0.0158284,0.0416788,-0.0516524,-0.018995,-0.0382185,-0.00413221,-0.0309912,-0.0616709,-0.0029721,0.0329158,-0.0111782,0.0138705,-0.0202963,-0.0207266,0.0276095,-0.0137536,-0.0329268,-0.0278462,0.0165124,0.0378715,0.00956168,0.0462837,0.00690688,0.0365143,-0.00576226,0.0324247,-0.00630776,-0.00121331,-0.0357989,0.00581681,0.0510815,-0.0267896,-0.0216742,0.00191704,-0.0251473,-0.0297951,0.057514,0.00610709,0.0172935,-0.0191388,0.00840554,-0.0117266,-0.040776,-0.0388548,0.0448468,0.0198853,0.0484387,0.0330444,0.00347013,0.00990402,
Correctness: 992/1579
check time = 15220.5 ms
------------------
------------------
Start Encrypting NLGD step with degree 5 approx...
NLGD step with degree 5 approx time = 665948 ms
------------------
------------------
Start check
w:0.0112763,0.401086,0.0163318,0.0785831,0.0212381,0.0591916,0.0165258,0.0303918,-0.00827933,0.0321641,-0.00328166,-0.0188094,0.0121016,-0.0228533,0.0124566,-0.0111524,0.0534098,-0.0418761,0.0484171,0.00950192,0.00380917,-0.0238752,-0.00617083,-0.0560838,-0.00386407,-0.0471448,-0.0283411,0.0649526,0.0849046,0.0310584,-0.0600388,-0.00712222,0.011923,0.0107199,-0.00530916,-0.0149031,-0.00947211,0.0166479,0.0366839,-0.0154423,-0.0043974,-0.000357823,-0.00919021,0.0121749,-0.026962,0.0278089,-0.0029278,-0.0463084,-0.0253884,0.036867,-0.00748078,-0.00102732,0.0174516,-0.00784835,0.016506,0.0440186,-0.0547762,-0.0202549,-0.0405696,-0.00449566,-0.0330205,-0.0655757,-0.00339978,0.0348502,-0.011938,0.0145278,-0.0216369,-0.0219767,0.0289595,-0.014639,-0.0351292,-0.0298431,0.0171623,0.0399237,0.00987205,0.0488651,0.0071158,0.0384229,-0.00614271,0.0339263,-0.00685008,-0.00130476,-0.0382194,0.00616822,0.0539449,-0.0285256,-0.0230308,0.00187064,-0.0267184,-0.0317313,0.0606682,0.0063287,0.0180384,-0.020442,0.00878223,-0.0127755,-0.0435705,-0.0412622,0.0473604,0.0207838,0.0511514,0.0345854,0.00331753,0.0104438,
Correctness: 991/1579
check time = 15073.3 ms
------------------
------------------
Start Encrypting NLGD step with degree 5 approx...
NLGD step with degree 5 approx time = 643473 ms
------------------
------------------
Start check
w:0.0112733,0.424157,0.017095,0.0832962,0.0221437,0.062124,0.0172803,0.031794,-0.00890088,0.0336573,-0.0038189,-0.0200512,0.0125439,-0.024158,0.0129354,-0.0118744,0.0560193,-0.0444016,0.0508396,0.00969325,0.003786,-0.0254089,-0.0066997,-0.0592901,-0.00435158,-0.0498395,-0.0299961,0.0683587,0.089331,0.0325578,-0.0634573,-0.00779572,0.0124705,0.0110155,-0.00599291,-0.0160715,-0.010039,0.0173673,0.0385096,-0.0164635,-0.0047202,-0.000729626,-0.0100054,0.0125094,-0.0287249,0.0289891,-0.00332927,-0.0489638,-0.0269381,0.0386804,-0.00804194,-0.00124847,0.0180191,-0.00855612,0.0171126,0.0462515,-0.0578329,-0.0215098,-0.0428787,-0.00488472,-0.0350286,-0.0694089,-0.00385717,0.0366956,-0.012708,0.015127,-0.0229735,-0.0232173,0.0302139,-0.0155319,-0.0373109,-0.0318318,0.0177294,0.0418639,0.0101264,0.0513217,0.00727468,0.0402248,-0.00654063,0.0353097,-0.00742209,-0.00140884,-0.0406122,0.00648708,0.0566729,-0.0302432,-0.0243707,0.00178813,-0.0282694,-0.0336445,0.0636778,0.0065048,0.0187132,-0.0217451,0.00910514,-0.0138526,-0.0463391,-0.0436266,0.0497484,0.0216013,0.0537381,0.0360102,0.00310923,0.010935,
Correctness: 992/1579
check time = 14826.4 ms
------------------
------------------
Start Encrypting NLGD step with degree 5 approx...
NLGD step with degree 5 approx time = 604596 ms
------------------
------------------
Start check
w:0.0112196,0.446695,0.0178265,0.0879163,0.0230023,0.0649536,0.0180083,0.0331357,-0.0095163,0.0350842,-0.00436821,-0.021274,0.0129579,-0.0254255,0.013384,-0.0125814,0.0585298,-0.0468729,0.0531751,0.00985788,0.00375191,-0.0269189,-0.00722335,-0.0624135,-0.00484627,-0.0524621,-0.0316079,0.0716559,0.0936209,0.0339993,-0.0667847,-0.0084707,0.0129955,0.0112795,-0.00669147,-0.01723,-0.0105875,0.0180534,0.0402688,-0.017473,-0.00503818,-0.00111681,-0.010822,0.0128062,-0.0304609,0.0301059,-0.00373701,-0.0515491,-0.0284598,0.0404278,-0.00859465,-0.0014715,0.0185428,-0.00927104,0.0176746,0.0484146,-0.060809,-0.0227368,-0.0451276,-0.00527101,-0.0369988,-0.0731571,-0.00432324,0.0384899,-0.013465,0.0156977,-0.0242793,-0.0244255,0.0314063,-0.0164053,-0.0394485,-0.0337921,0.0182485,0.0437322,0.0103513,0.0536971,0.00740937,0.0419581,-0.00693013,0.0366167,-0.00799496,-0.00151455,-0.042964,0.00680077,0.0593137,-0.0319208,-0.0256719,0.00169664,-0.0297835,-0.0355148,0.0665774,0.00666909,0.0193408,-0.0230259,0.00940969,-0.0149302,-0.0490622,-0.0459297,0.0520618,0.0223692,0.0562407,0.0373544,0.00287355,0.0114162,
Correctness: 994/1579
check time = 14590.2 ms
------------------
------------------
Start Encrypting NLGD step with degree 5 approx...
NLGD step with degree 5 approx time = 567360 ms
------------------
------------------
Start check
w:0.0111697,0.468763,0.0185304,0.0924596,0.0238296,0.067701,0.0187201,0.0344389,-0.0101143,0.0364742,-0.0049158,-0.0224638,0.0133589,-0.0266445,0.0138264,-0.0132625,0.0609648,-0.049288,0.0554492,0.0100089,0.0037132,-0.028392,-0.00773575,-0.0654464,-0.00533731,-0.0550094,-0.0331637,0.0748715,0.0977941,0.0354016,-0.0700171,-0.00913296,0.0135162,0.0115317,-0.00739253,-0.0183706,-0.0111094,0.0187188,0.0419855,-0.0184498,-0.00534045,-0.00150233,-0.0116223,0.0130815,-0.0321596,0.0311828,-0.00413893,-0.0540555,-0.0299376,0.0421342,-0.00912992,-0.00168108,0.0190328,-0.00997126,0.0182163,0.050523,-0.0636941,-0.02393,-0.0473066,-0.0056384,-0.0389102,-0.0768042,-0.0047836,0.0402547,-0.0141938,0.0162575,-0.0255428,-0.025585,0.0325533,-0.0172411,-0.0415352,-0.0357112,0.0187348,0.0455489,0.0105626,0.0560092,0.00754455,0.0436339,-0.00729696,0.037866,-0.00854575,-0.00159741,-0.0452631,0.00712029,0.0618825,-0.0335494,-0.026927,0.00160803,-0.0312482,-0.0373323,0.0693898,0.00683333,0.0199443,-0.0242715,0.00971457,-0.0159954,-0.0517295,-0.0481626,0.0543143,0.0231089,0.0586726,0.0386445,0.00263273,0.0118916,
Correctness: 998/1579
check time = 14339.5 ms
------------------
------------------
Start Encrypting NLGD step with degree 5 approx...
NLGD step with degree 5 approx time = 533889 ms
------------------
------------------
Start check
w:0.0111429,0.490404,0.0192085,0.0969349,0.0246402,0.0703757,0.0194276,0.0357131,-0.0106821,0.0378343,-0.00545445,-0.0236165,0.013756,-0.0278103,0.0142617,-0.0139068,0.0633392,-0.0516334,0.0576733,0.0101549,0.00368329,-0.0298244,-0.0082243,-0.068386,-0.00581483,-0.057475,-0.0346611,0.0780222,0.101867,0.0367833,-0.0731583,-0.00977799,0.0140424,0.0117768,-0.00808388,-0.0194932,-0.0115999,0.0193782,0.0436692,-0.0193934,-0.00561123,-0.00188645,-0.0124077,0.0133477,-0.0338146,0.0322236,-0.0045226,-0.0564832,-0.0313681,0.0438,-0.00963868,-0.0018736,0.0195047,-0.0106537,0.0187406,0.0525893,-0.0664855,-0.0250788,-0.0494123,-0.00598485,-0.0407673,-0.0803524,-0.0052336,0.0419977,-0.014889,0.0168155,-0.0267547,-0.0266885,0.033665,-0.0180419,-0.0435665,-0.0375904,0.019203,0.0473243,0.0107687,0.0582709,0.00768241,0.0452683,-0.00763492,0.0390714,-0.00907481,-0.00166008,-0.0474987,0.00745479,0.0643888,-0.0351319,-0.0281414,0.00153153,-0.0326618,-0.0390951,0.0721256,0.00700241,0.0205288,-0.0254798,0.0100251,-0.0170407,-0.0543341,-0.0503216,0.0565211,0.0238254,0.0610503,0.0398927,0.00238925,0.0123771,
Correctness: 1006/1579
check time = 14087.7 ms
------------------
------------------
Start Encrypting NLGD step with degree 5 approx...
NLGD step with degree 5 approx time = 499222 ms
------------------
------------------
Start check
w:0.0111405,0.511657,0.0198659,0.101346,0.0254413,0.0729893,0.0201351,0.0369622,-0.011223,0.0391679,-0.00598406,-0.0247252,0.0141558,-0.0289292,0.0146979,-0.014512,0.0656582,-0.0539181,0.0598548,0.0102968,0.0036639,-0.0312159,-0.00869381,-0.071244,-0.00627843,-0.0598642,-0.0361045,0.0811157,0.105858,0.0381373,-0.0762066,-0.0104018,0.0145754,0.0120193,-0.00876595,-0.0205818,-0.0120535,0.0200365,0.0453237,-0.0203052,-0.00585412,-0.00226782,-0.0131751,0.0136055,-0.0354294,0.0332374,-0.00489412,-0.0588376,-0.032753,0.0454362,-0.0101224,-0.00204599,0.0199635,-0.0113153,0.0192562,0.0546185,-0.0691836,-0.0261842,-0.0514508,-0.00630678,-0.0425697,-0.0838153,-0.0056708,0.0437215,-0.0155442,0.0173712,-0.0279281,-0.0277406,0.0347531,-0.0188044,-0.0455428,-0.0394284,0.0196537,0.049066,0.0109723,0.0604846,0.00782452,0.0468621,-0.00793846,0.0402326,-0.00957679,-0.00169913,-0.0496831,0.0078109,0.0668474,-0.036663,-0.0293069,0.00146535,-0.0340207,-0.0408047,0.0748046,0.00718088,0.0210976,-0.0266432,0.0103453,-0.0180651,-0.056881,-0.0524158,0.0586871,0.0245313,0.0633819,0.0410997,0.00214546,0.0128716,
Correctness: 1009/1579
check time = 13882.4 ms
------------------
!!! END NLGD !!!