./HEML ../data/data103x1579.txt 1 7 1 7 1

First iter time ~ 5.4 min
Last iter time ~ 3 min

Total time ~ 29 min

-------------------------------------

iter: 7
isEncrypted: 1
approx: 7
gammaUpCnst: 1
gammaDownCnst: -1
sampleDim: 1579
factorDim: 104
fdimBits: 7
learnDim: 1579
ldimBits: 11
xyBits: 37
wBits: 37
lBits: 5
pBits: 18
aBits: 2
logq: 1229
logN: 16
bBits: 4
slots: 32768
cnum: 7
!!! START NLGD !!!
------------------
Start Scheme generating...
Scheme generation time = 38443.8 ms
------------------
------------------
Start Polynomial generating...
Polynomial generation time = 285.088 ms
------------------
------------------
Start Encrypting xyData...
xyData encryption time = 15151.4 ms
------------------
------------------
Start Encrypting wData and vData...
wData and vData encryption time = 150988 ms
------------------
------------------
Start Encrypting NLGD step with degree 7 approx...
NLGD step with degree 7 approx time = 325332 ms
------------------
------------------
Start check
w:-0.0446931,0.161423,0.00301816,0.031126,-0.00730501,0.00934298,-0.0107686,-0.00473284,-0.0225078,-0.00285744,-0.0174777,-0.0278806,-0.0112109,-0.0270427,-0.0122748,-0.0228095,0.00728167,-0.0350288,0.0038828,-0.0132241,-0.0164352,-0.0265263,-0.0203484,-0.0423876,-0.019493,-0.0377979,-0.029148,0.0107737,0.0201998,-0.00394738,-0.0436252,-0.0207667,-0.0132871,-0.0130525,-0.0192171,-0.0232568,-0.0210852,-0.0108124,-0.00218329,-0.026124,-0.018395,-0.0160537,-0.0205598,-0.0122022,-0.028637,-0.00474032,-0.018121,-0.0386774,-0.0287791,-0.000976914,-0.0207683,-0.0182633,-0.00880088,-0.020835,-0.00955998,0.00165031,-0.0422932,-0.0260281,-0.0348119,-0.0196556,-0.0317564,-0.0455699,-0.0177906,-0.00296509,-0.0222996,-0.0118732,-0.027114,-0.0276254,-0.00371179,-0.0250161,-0.0323002,-0.0294186,-0.00936079,0.00136476,-0.0121223,0.00450818,-0.0132321,0.000399798,-0.0206041,-0.000421068,-0.0216903,-0.0196612,-0.0334898,-0.0157276,0.00566937,-0.0302911,-0.0267963,-0.0172528,-0.0300334,-0.0321984,0.0095193,-0.0152097,-0.00932204,-0.0256289,-0.0144496,-0.0226306,-0.0364339,-0.0355436,0.00291848,-0.00811086,0.0051145,-0.00217292,-0.0155024,-0.0126986,
Correctness: 747/1579
check time = 13144.6 ms
------------------
------------------
Start Encrypting NLGD step with degree 7 approx...
NLGD step with degree 7 approx time = 295928 ms
------------------
------------------
Start check
w:0.0528749,0.216611,0.0122365,0.0442669,0.0289338,0.0480753,0.0242727,0.0318493,0.0111784,0.0329823,0.0149834,0.00628819,0.0242129,0.00420158,0.0221369,0.0096483,0.0462089,-0.0061059,0.0434392,0.021675,0.0186756,0.00314555,0.0116675,-0.0144945,0.0150643,-0.00972379,0.0018322,0.0493626,0.0611824,0.0318055,-0.0160107,0.011986,0.022236,0.0207967,0.0124126,0.00970864,0.0101,0.0246956,0.0350684,0.00643531,0.0138255,0.0170622,0.0098925,0.02372,0.00311441,0.0317278,0.012934,-0.00917715,0.00264036,0.036818,0.01087,0.0157059,0.0256749,0.0118065,0.0266095,0.0396356,-0.0135134,0.00655599,-0.00612215,0.0145392,-0.00107363,-0.0188472,0.0142125,0.0334941,0.0084539,0.0252385,0.00582852,0.00383113,0.031694,0.00747971,-0.00243507,0.000918049,0.0266081,0.0393675,0.0223087,0.043089,0.0211207,0.0366895,0.0118636,0.0358772,0.0135482,0.0139847,-0.00351329,0.0185053,0.0455036,0.0012452,0.00156707,0.015562,-4.66485e-05,-0.000575155,0.048461,0.0204866,0.0255691,0.00469154,0.0206563,0.0098254,-0.00516934,-0.00606766,0.0417425,0.027412,0.0431065,0.0361916,0.0192356,0.0218372,
Correctness: 832/1579
check time = 12931.8 ms
------------------
------------------
Start Encrypting NLGD step with degree 7 approx...
NLGD step with degree 7 approx time = 270819 ms
------------------
------------------
Start check
w:0.00661397,0.242963,0.00933426,0.0474423,0.0145409,0.0367971,0.00907763,0.0174847,-0.00639534,0.0193183,-0.0022464,-0.0139855,0.00881385,-0.013773,0.00710138,-0.00801529,0.0341027,-0.0264891,0.0304658,0.00475239,0.00248336,-0.0149861,-0.00475709,-0.036102,-0.00139114,-0.0295968,-0.0161533,0.0382577,0.0513017,0.0187594,-0.0373101,-0.00468397,0.00711194,0.00514304,-0.00395474,-0.00797368,-0.00683231,0.00975535,0.0221555,-0.0113445,-0.00255171,0.00118417,-0.00651552,0.00808509,-0.0150034,0.01802,-0.00404594,-0.0287536,-0.0156939,0.0244486,-0.0058441,-0.00211149,0.0112105,-0.00420937,0.0114956,0.0273555,-0.034527,-0.0120616,-0.0255211,-0.00255455,-0.0194879,-0.0408321,-0.00329302,0.020861,-0.00817893,0.00960761,-0.0120059,-0.0147112,0.0183508,-0.00966342,-0.0208798,-0.0183149,0.0106292,0.0273618,0.00723167,0.0329176,0.00611616,0.0239928,-0.00389672,0.0236717,-0.00380766,-0.00303828,-0.0223618,0.00289996,0.0326117,-0.0165523,-0.0155575,-0.0012688,-0.0188771,-0.0193103,0.0367248,0.00524378,0.0108949,-0.0115452,0.00575085,-0.0082458,-0.0259134,-0.0261515,0.0288708,0.0119642,0.0317873,0.0209905,0.00388906,0.00610042,
Correctness: 999/1579
check time = 12733.8 ms
------------------
------------------
Start Encrypting NLGD step with degree 7 approx...
NLGD step with degree 7 approx time = 245986 ms
------------------
------------------
Start check
w:0.00539234,0.273482,0.0107143,0.0541822,0.0154063,0.0404338,0.0102821,0.0202041,-0.00761702,0.0204633,-0.002499,-0.0153384,0.0087946,-0.0152761,0.00852666,-0.00923942,0.038032,-0.0301179,0.0333259,0.00517242,0.00273131,-0.0172818,-0.00572081,-0.0405525,-0.00132803,-0.0322623,-0.0180376,0.0433967,0.0576387,0.0200722,-0.0421826,-0.00552584,0.00801783,0.00619199,-0.00514508,-0.00895983,-0.00887347,0.00989206,0.0255332,-0.011879,-0.00243325,0.0013707,-0.00626307,0.00963277,-0.0165221,0.0200584,-0.00588851,-0.0326396,-0.0183578,0.0270662,-0.00722448,-0.00236356,0.0120927,-0.00465367,0.0128847,0.0314409,-0.0390215,-0.014404,-0.0286163,-0.00353938,-0.0221623,-0.0455077,-0.00481686,0.0230205,-0.00895732,0.0103438,-0.0137168,-0.0157086,0.0209667,-0.0110742,-0.0236999,-0.0207304,0.0122141,0.0291276,0.00807496,0.0372,0.00628335,0.0272329,-0.00434539,0.0263715,-0.0056367,-0.0033185,-0.0254404,0.00417109,0.0359854,-0.018887,-0.0170969,-0.0019364,-0.0223314,-0.0215145,0.0404992,0.00632337,0.0121861,-0.0129956,0.00743091,-0.00987009,-0.0287416,-0.0286553,0.0321407,0.0130249,0.0351926,0.0237469,0.00361641,0.00666892,
Correctness: 998/1579
check time = 12520.7 ms
------------------
------------------
Start Encrypting NLGD step with degree 7 approx...
NLGD step with degree 7 approx time = 220357 ms
------------------
------------------
Start check
w:0.00679837,0.301153,0.0105726,0.0598208,0.0169368,0.0442774,0.0115282,0.0222355,-0.00937301,0.0230613,-0.0027881,-0.0153171,0.00913826,-0.0153318,0.00985312,-0.0101345,0.0411791,-0.0317404,0.0382334,0.00558676,0.00314605,-0.0179227,-0.00595878,-0.0439279,-0.00107126,-0.0350716,-0.0192723,0.0476957,0.0642804,0.0227368,-0.045992,-0.00587531,0.00825055,0.00823436,-0.00478249,-0.00947355,-0.00809765,0.0104135,0.0289457,-0.0133257,-0.00296178,0.00138589,-0.0063326,0.0109714,-0.0181196,0.021493,-0.00641502,-0.0353224,-0.0200455,0.0287996,-0.00702324,-0.00301049,0.0134621,-0.00440442,0.0137884,0.0343593,-0.0424108,-0.014608,-0.0299117,-0.00410328,-0.0236116,-0.0494341,-0.00612392,0.0260747,-0.00970594,0.0134529,-0.0146275,-0.0168835,0.0231213,-0.0122764,-0.025835,-0.0223897,0.0142014,0.0331461,0.0091357,0.0402086,0.00750129,0.0296987,-0.00442534,0.02967,-0.00723019,-0.00121224,-0.0271656,0.00624768,0.0409946,-0.0195673,-0.0172722,-0.000799412,-0.0242665,-0.022845,0.0447867,0.00718569,0.0141175,-0.0142989,0.00883036,-0.0111709,-0.0318932,-0.0306074,0.036146,0.0161599,0.0383527,0.0263721,0.00460419,0.00759213,
Correctness: 988/1579
check time = 12259.3 ms
------------------
------------------
Start Encrypting NLGD step with degree 7 approx...
NLGD step with degree 7 approx time = 199349 ms
------------------
------------------
Start check
w:0.00771017,0.327779,0.0117893,0.0651165,0.0181027,0.0488745,0.012535,0.0235627,-0.0103947,0.0265222,-0.00355588,-0.0151379,0.0101971,-0.0163673,0.0102493,-0.0108958,0.0446154,-0.0335539,0.0412904,0.00602988,0.00260688,-0.0196309,-0.00670476,-0.0478004,-0.00135014,-0.0367535,-0.0199928,0.0528488,0.0699535,0.0238159,-0.0506821,-0.00618578,0.00889738,0.00955788,-0.00603983,-0.00976428,-0.00874074,0.0112475,0.0306698,-0.0147269,-0.00220993,0.00134281,-0.00657092,0.0125438,-0.0192232,0.0234316,-0.00660434,-0.0373832,-0.0211678,0.0313021,-0.00801196,-0.00308199,0.0145198,-0.00527762,0.0154421,0.0370998,-0.0460623,-0.0148333,-0.0321671,-0.00492431,-0.0246662,-0.0540344,-0.00589694,0.0290133,-0.0102679,0.0140706,-0.0158905,-0.0182573,0.0246277,-0.0134926,-0.0275739,-0.0241315,0.0160899,0.0355298,0.00960152,0.0448485,0.00906664,0.0307768,-0.00522218,0.0325416,-0.0079239,0.000331573,-0.0296177,0.0069905,0.0451118,-0.0207748,-0.0183677,0.000251327,-0.0259651,-0.0243752,0.049474,0.00822883,0.0157863,-0.0153489,0.00949013,-0.0131378,-0.0358424,-0.0322969,0.0388284,0.0189029,0.0415607,0.0280138,0.00501266,0.00888688,
Correctness: 989/1579
check time = 12102 ms
------------------
------------------
Start Encrypting NLGD step with degree 7 approx...
NLGD step with degree 7 approx time = 179225 ms
------------------
------------------
Start check
w:0.00819897,0.353643,0.0121675,0.0694923,0.0179451,0.0527126,0.0141494,0.0250564,-0.0108812,0.0303634,-0.00413525,-0.0161675,0.0116344,-0.0185488,0.0110228,-0.0107615,0.0479549,-0.0356112,0.0453011,0.00695061,0.00277755,-0.0214953,-0.00677645,-0.0529107,-0.00133066,-0.0393642,-0.0220326,0.0570893,0.075863,0.0252583,-0.0546389,-0.00595783,0.0106822,0.0113614,-0.0066822,-0.0106944,-0.0109113,0.0132441,0.0338719,-0.0150539,-0.00253109,0.00123133,-0.00770553,0.0144039,-0.0204261,0.0243666,-0.00597741,-0.0406674,-0.0222082,0.0328893,-0.00887952,-0.00407803,0.0154186,-0.00649079,0.017715,0.0397483,-0.0489299,-0.0159386,-0.0341097,-0.00493205,-0.0262017,-0.0585371,-0.0060145,0.0307428,-0.0111994,0.0151255,-0.0165606,-0.0188218,0.0258754,-0.0133498,-0.0292967,-0.0255211,0.0174375,0.0382289,0.0103661,0.0482416,0.0094484,0.0322055,-0.00562581,0.0346898,-0.00825663,0.00050744,-0.0302423,0.00825318,0.0474535,-0.0222866,-0.0196095,0.000441155,-0.0282425,-0.0263134,0.0526559,0.00970486,0.0167796,-0.0162308,0.0101884,-0.0143626,-0.0381712,-0.0344307,0.0406597,0.0203043,0.0456884,0.0290385,0.00510006,0.00957739,
Correctness: 984/1579
check time = 11861.6 ms
------------------
!!! END NLGD !!!